0.000000
1000.000000
1000.000000
1000.000000
1000.000000
1000.000000
1000.000000
1000.000000
1000.000000
1000.000000
1000.000000
1000.000000
1000.000000
1000.000000
1000.000000
1000.000000
1000.000000
1000.000000
1000.000000
1000.000000
1000.000000
1000.000000
1000.000000
1000.000000
1000.000000
1000.000000
1000.000000
1000.000000
1000.000000
1000.000000
1000.000000
1000.000000
1000.000000
1000.000000
1000.000000
1000.000000
1000.000000
1000.000000
1000.000000
1000.000000
1000.000000
1000.000000
1000.000000
1000.000000
1000.000000
1000.000000
1000.000000
1000.000000
1000.000000
1000.000000
1000.000000
1000.000000
1000.000000
1000.000000
1000.000000
1000.000000
1000.000000
1000.000000
1000.000000
1000.000000
1000.000000
2000.000000
2000.000000
2000.000000
2000.000000
2000.000000
2000.000000
2000.000000
2000.000000
2000.000000
2000.000000
2000.000000
2000.000000
2000.000000
2000.000000
2000.000000
2000.000000
2000.000000
2000.000000
2000.000000
2000.000000
2000.000000
2000.000000
2000.000000
2000.000000
2000.000000
2000.000000
2000.000000
2000.000000
2000.000000
2000.000000
2000.000000
2000.000000
2000.000000
2000.000000
2000.000000
2000.000000
2000.000000
2000.000000
2000.000000
2000.000000
2000.000000
2000.000000
2000.000000
2000.000000
2000.000000
2000.000000
2000.000000
2000.000000
2000.000000
2000.000000
2000.000000
2000.000000
2000.000000
2000.000000
2000.000000
2000.000000
2000.000000
2000.000000
2000.000000
2000.000000
3000.000000
3000.000000
3000.000000
3000.000000
3000.000000
3000.000000
3000.000000
3000.000000
3000.000000
3000.000000
3000.000000
3000.000000
3000.000000
3000.000000
3000.000000
3000.000000
3000.000000
3000.000000
3000.000000
3000.000000
3000.000000
3000.000000
3000.000000
3000.000000
3000.000000
3000.000000
3000.000000
3000.000000
3000.000000
3000.000000
3000.000000
3000.000000
3000.000000
3000.000000
3000.000000
3000.000000
3000.000000
3000.000000
3000.000000
3000.000000
3000.000000
3000.000000
3000.000000
3000.000000
3000.000000
3000.000000
3000.000000
3000.000000
3000.000000
3000.000000
3000.000000
3000.000000
3000.000000
3000.000000
3000.000000
3000.000000
3000.000000
3000.000000
3000.000000
3000.000000
