0.000000 0.000000 0.000000
-0.130066 -0.007367 -0.991478
0.164837 0.158555 -0.973493
-0.024801 -0.293231 -0.955720
-0.206382 0.276023 -0.938732
0.377418 -0.073812 -0.923096
-0.355273 -0.233644 -0.905092
0.118332 0.446376 -0.886987
0.224372 -0.439007 -0.870018
-0.485410 0.184332 -0.854634
0.502188 0.214549 -0.837721
-0.240828 -0.521217 -0.818740
-0.177349 0.570970 -0.801586
0.531307 -0.315766 -0.786133
-0.620923 -0.143818 -0.770565
0.376721 0.542473 -0.750869
0.086615 -0.673798 -0.733822
-0.528849 0.452838 -0.717814
0.709882 0.037464 -0.703323
-0.513727 -0.518399 -0.683628
0.035040 0.744856 -0.666304
0.483557 -0.586637 -0.649637
-0.764192 0.110316 -0.635485
0.642510 0.454692 -0.616795
-0.174944 -0.781826 -0.598450
-0.401556 0.706936 -0.582232
0.782125 -0.257494 -0.567430
-0.755258 -0.356761 -0.549824
0.324553 0.782598 -0.531231
0.288297 -0.807513 -0.514595
-0.763700 0.409254 -0.499273
0.844296 0.230948 -0.483557
-0.476065 -0.746830 -0.464335
-0.151536 0.881247 -0.447705
0.709706 -0.556721 -0.431716
-0.905190 -0.083086 -0.416807
0.619445 0.676963 -0.397505
-0.005917 -0.924811 -0.380381
-0.622307 0.693015 -0.363955
0.931995 -0.094898 -0.349829
-0.747778 -0.575349 -0.331364
0.170355 0.934085 -0.313789
0.505493 -0.810117 -0.296962
-0.923273 0.260956 -0.281903
0.854781 0.446386 -0.264743
-0.335562 -0.909010 -0.247182
-0.364915 0.902080 -0.230410
0.879285 -0.425134 -0.214754
-0.933982 -0.297134 -0.198467
0.494502 0.850054 -0.181317
0.206655 -0.964481 -0.164532
-0.802677 0.577850 -0.147643
0.982492 0.131668 -0.131803
-0.640420 -0.759465 -0.114347
-0.037853 0.994490 -0.097759
0.695932 -0.713512 -0.081112
-0.996078 0.059454 -0.065526
0.766035 0.640998 -0.048086
-0.138883 -0.989794 -0.031926
-0.563991 0.825657 -0.014301
0.972628 -0.232364 0.001206
-0.130066 -0.007367 -0.991478
0.164837 0.158555 -0.973493
-0.024801 -0.293231 -0.955720
-0.206382 0.276023 -0.938732
0.377418 -0.073812 -0.923096
-0.355273 -0.233644 -0.905092
0.118332 0.446376 -0.886987
0.224372 -0.439007 -0.870018
-0.485410 0.184332 -0.854634
0.502188 0.214549 -0.837721
-0.240828 -0.521217 -0.818740
-0.177349 0.570970 -0.801586
0.531307 -0.315766 -0.786133
-0.620923 -0.143818 -0.770565
0.376721 0.542473 -0.750869
0.086615 -0.673798 -0.733822
-0.528849 0.452838 -0.717814
0.709882 0.037464 -0.703323
-0.513727 -0.518399 -0.683628
0.035040 0.744856 -0.666304
0.483557 -0.586637 -0.649637
-0.764192 0.110316 -0.635485
0.642510 0.454692 -0.616795
-0.174944 -0.781826 -0.598450
-0.401556 0.706936 -0.582232
0.782125 -0.257494 -0.567430
-0.755258 -0.356761 -0.549824
0.324553 0.782598 -0.531231
0.288297 -0.807513 -0.514595
-0.763700 0.409254 -0.499273
0.844296 0.230948 -0.483557
-0.476065 -0.746830 -0.464335
-0.151536 0.881247 -0.447705
0.709706 -0.556721 -0.431716
-0.905190 -0.083086 -0.416807
0.619445 0.676963 -0.397505
-0.005917 -0.924811 -0.380381
-0.622307 0.693015 -0.363955
0.931995 -0.094898 -0.349829
-0.747778 -0.575349 -0.331364
0.170355 0.934085 -0.313789
0.505493 -0.810117 -0.296962
-0.923273 0.260956 -0.281903
0.854781 0.446386 -0.264743
-0.335562 -0.909010 -0.247182
-0.364915 0.902080 -0.230410
0.879285 -0.425134 -0.214754
-0.933982 -0.297134 -0.198467
0.494502 0.850054 -0.181317
0.206655 -0.964481 -0.164532
-0.802677 0.577850 -0.147643
0.982492 0.131668 -0.131803
-0.640420 -0.759465 -0.114347
-0.037853 0.994490 -0.097759
0.695932 -0.713512 -0.081112
-0.996078 0.059454 -0.065526
0.766035 0.640998 -0.048086
-0.138883 -0.989794 -0.031926
-0.563991 0.825657 -0.014301
0.972628 -0.232364 0.001206
-0.130066 -0.007367 -0.991478
0.164837 0.158555 -0.973493
-0.024801 -0.293231 -0.955720
-0.206382 0.276023 -0.938732
0.377418 -0.073812 -0.923096
-0.355273 -0.233644 -0.905092
0.118332 0.446376 -0.886987
0.224372 -0.439007 -0.870018
-0.485410 0.184332 -0.854634
0.502188 0.214549 -0.837721
-0.240828 -0.521217 -0.818740
-0.177349 0.570970 -0.801586
0.531307 -0.315766 -0.786133
-0.620923 -0.143818 -0.770565
0.376721 0.542473 -0.750869
0.086615 -0.673798 -0.733822
-0.528849 0.452838 -0.717814
0.709882 0.037464 -0.703323
-0.513727 -0.518399 -0.683628
0.035040 0.744856 -0.666304
0.483557 -0.586637 -0.649637
-0.764192 0.110316 -0.635485
0.642510 0.454692 -0.616795
-0.174944 -0.781826 -0.598450
-0.401556 0.706936 -0.582232
0.782125 -0.257494 -0.567430
-0.755258 -0.356761 -0.549824
0.324553 0.782598 -0.531231
0.288297 -0.807513 -0.514595
-0.763700 0.409254 -0.499273
0.844296 0.230948 -0.483557
-0.476065 -0.746830 -0.464335
-0.151536 0.881247 -0.447705
0.709706 -0.556721 -0.431716
-0.905190 -0.083086 -0.416807
0.619445 0.676963 -0.397505
-0.005917 -0.924811 -0.380381
-0.622307 0.693015 -0.363955
0.931995 -0.094898 -0.349829
-0.747778 -0.575349 -0.331364
0.170355 0.934085 -0.313789
0.505493 -0.810117 -0.296962
-0.923273 0.260956 -0.281903
0.854781 0.446386 -0.264743
-0.335562 -0.909010 -0.247182
-0.364915 0.902080 -0.230410
0.879285 -0.425134 -0.214754
-0.933982 -0.297134 -0.198467
0.494502 0.850054 -0.181317
0.206655 -0.964481 -0.164532
-0.802677 0.577850 -0.147643
0.982492 0.131668 -0.131803
-0.640420 -0.759465 -0.114347
-0.037853 0.994490 -0.097759
0.695932 -0.713512 -0.081112
-0.996078 0.059454 -0.065526
0.766035 0.640998 -0.048086
-0.138883 -0.989794 -0.031926
-0.563991 0.825657 -0.014301
0.972628 -0.232364 0.001206
